20
 0  2 15
 0  4 13
 0  5 14
 0  6 16
 0  8  5
 0  9 28
 0 10 25
 0 11  5
 0 12 18
 0 14 10
 0 16  3
 0 18 19
 0 19  2
 1  2  7
 1  4 12
 1  6  9
 1  8 15
 1 11 12
 1 12  9
 1 13 27
 1 15  3
 1 19  8
 2  3 15
 2  4  3
 2  5 30
 2  6  6
 2  7 13
 2  8 10
 2  9  3
 2 10  6
 2 11 22
 2 14 27
 2 15 11
 2 16 11
 2 17  3
 2 18 13
 2 19 26
 3  4 16
 3  5 11
 3  8 11
 3  9 10
 3 10 29
 3 11 20
 3 13 30
 3 14 19
 3 15 20
 3 18  7
 3 19 30
 4  5 17
 4  7  3
 4 10 11
 4 11  6
 4 13 26
 4 14 23
 4 15 10
 4 16 24
 4 17 23
 4 19 19
 5  6 29
 5  7 20
 5 10  4
 5 12  6
 5 15  9
 5 17 28
 5 18  1
 5 19 29
 6  7 24
 6  8  9
 6  9  8
 6 10 22
 6 11  5
 6 13 27
 6 14  2
 6 15 19
 6 16 12
 6 17  5
 6 19  7
 7  8 14
 7  9 29
 7 10  5
 7 11 30
 7 12 10
 7 13  6
 7 14 21
 7 15 11
 7 16 17
 7 17 10
 7 18 27
 7 19 27
 8 10 28
 8 12 28
 8 13  3
 8 14 25
 8 16 19
 8 17 22
 9 10  1
 9 16 20
 9 17 28
 9 18 29
10 12 22
10 17 16
10 18 10
10 19 19
11 12 10
11 13  9
11 14 23
11 15 15
11 16 19
11 17  3
11 18 12
12 16 11
12 17 23
12 18  4
13 14 14
13 16  3
13 18 12
13 19  8
14 16 15
15 17  1
15 18  4
16 17  3
16 18  6
17 18 21
18 19  1
